,<bytes_Norman_Wood>,<traf_Norman_Wood>,bratio_1975_Ryder_Cup,bratio_Italian_Open_(golf),bratio_List_of_European_Ryder_Cup_golfers,bratio_List_of_Irish_International_champions_in_badminton,bratio_List_of_golfers_(S-Z),traf_1975_Ryder_Cup,traf_Italian_Open_(golf),traf_List_of_European_Ryder_Cup_golfers,traf_List_of_Irish_International_champions_in_badminton,traf_List_of_golfers_(S-Z)
